100
2 3 2
1 1 1
2 1 2
3 2 3
97 6 97
4 3 4
1 2 1
32 4 32
3 4 3
4 1 4
1 4 1
100 1 100
22 8 22
1 96 1
42 4 42
61 3 61
3 1 3
1 49 1
1 71 1
22 5 22
3 28 3
4 4 4
45 9 45
14 7 14
2 4 2
4 2 4
36 2 36
1 44 1
19 1 19
94 1 94
74 7 74
1 65 1
5 19 5
10 3 10
23 3 23
92 5 92
1 20 1
5 1 5
1 90 1
52 6 52
41 1 41
7 21 7
25 10 25
69 9 69
100 3 100
4 10 4
70 2 70
2 59 2
10 18 10
5 8 5
15 4 15
30 3 30
87 9 87
89 7 89
18 9 18
6 16 6
54 6 54
100 2 100
1 3 1
51 8 51
73 4 73
47 1 47
1 100 1
74 2 74
49 8 49
2 23 2
1 25 1
46 1 46
76 9 76
3 37 3
49 7 49
28 1 28
100 4 100
10 8 10
57 1 57
100 9 100
45 7 45
6 18 6
17 6 17
2 2 2
4 29 4
20 5 20
85 5 85
80 8 80
73 5 73
2 30 2
3 3 3
62 4 62
7 1 7
37 3 37
57 10 57
13 3 13
10 5 10
27 3 27
100 8 100
97 3 97
6 11 6
81 9 81
49 6 49
18 8 18